33
Sigma:     a     b     c     d     e
------------------------------------
    0:     1     1     1     2     1
    1:     1     1     1     1     1
    2:     3     4     5     6     7
    3:     8     4     5     9    10
    4:    11     4     5    12    13
    5:    14    15     1     1    16
    6:    17    15     1    16    18
    7:    11     4     5    19    20
    8:     8     4     5     9    10
    9:    21     4     5    19     7
   10:    21     4     5    19    22
   11:     8     4     5     9    10
   12:    21     4     1    19    22
   13:    11     4     5    19    20
   14:    23    15     1     2    24
   15:     8     4     5     6     7
   16:    25     1     1     1     1
   17:     3     4     1    26    22
   18:    21     4     1    19    22
   19:    17    15     1    16    18
   20:    21     4     5    19     7
   21:     8     4     5     9    10
   22:    21     4     5    19    22
   23:    27    28     1     2    22
   24:    29     1     1    16    30
   25:    27    28     1    31    22
   26:    21     4     5    19     7
   27:    27    28     1     2    22
   28:     8     4     5    32     7
   29:     3     4     1     6    22
   30:     3     4     1     6    22
   31:    23    15     1     1    24
   32:    21     4     1    19    22
------------------------------------
0: Initial State
2,3,4,5,6,7,8,9,10,11,12,13,14,15,16,17,18,19,20,21,22,23,24,25,26,27,28,29,30,31,32: Accepting State(s)


