22
Sigma:     a     b     c     d     e
------------------------------------
    0:     1     2     3     4     3
    1:     3     3     3     5     3
    2:     3     3     3     3     3
    3:     3     3     3     3     3
    4:     6     7     8     9     4
    5:    10     7     8     9     4
    6:    11     7    12     9    13
    7:    10    14     8     9     4
    8:    15     7     8     9    13
    9:    10    16    12     9     4
   10:    11    14    12     9    13
   11:    11    17    12     9    13
   12:    15    14     8     9    13
   13:     6    18     8    19    20
   14:    10    14     8     9     4
   15:    11    16    12     9    13
   16:    10    16     8     9     4
   17:    10    16     8     9     4
   18:    15    14     8     9     4
   19:    10    21    12    19    20
   20:    11     7     8     9     4
   21:    15    16     8     9     4
------------------------------------
0: Initial State
0,4,5,6,7,8,9,10,11,12,13,14,15,16,17,18,19,20,21: Accepting State(s)


