176
Sigma:     a     b     c
------------------------
    0:     1     2     3
    1:     4     5     6
    2:     3     3     7
    3:     3     3     3
    4:     8     9    10
    5:    11    12    13
    6:    14    15    16
    7:    14    17    16
    8:    18    19    20
    9:    21    22    13
   10:    23    24    25
   11:    26    27    28
   12:    29    30    31
   13:    32    33    34
   14:    35    36    34
   15:    37    22    13
   16:    38    39    34
   17:    40    41    42
   18:    43    44    20
   19:    45    46    20
   20:    47    48    34
   21:    26    49    28
   22:    50    51    20
   23:    52    53    34
   24:    37    22    20
   25:    47    48    34
   26:    54    55    56
   27:    57    58    59
   28:    38    60    34
   29:    61    62    63
   30:    64    65    66
   31:    38    39    67
   32:    68    69    70
   33:    71    72    34
   34:    73    74    75
   35:    76    77    78
   36:    76    79    80
   37:    81    82    83
   38:    71    84    70
   39:    71    72    34
   40:    76    85    78
   41:    86    87    80
   42:    88    89    75
   43:    90    91    56
   44:    92    93    34
   45:    94    95    96
   46:    97    98    34
   47:    71    84    70
   48:    71    72    34
   49:    40    41    34
   50:    94    99    96
   51:   100   101    34
   52:    76   102    78
   53:    71    72    34
   54:    52   103    34
   55:   104   105    80
   56:   106    72    34
   57:    76    85    78
   58:    86    87    80
   59:    73    74    75
   60:    76   107    80
   61:    64   108    66
   62:   109   110   111
   63:   112   113     3
   64:   114   115    78
   65:   114   116    80
   66:   117   118   119
   67:   120    74    75
   68:   121    69    70
   69:   121    72    34
   70:    73    74    75
   71:   121    84    70
   72:    71    72    34
   73:    73   122   123
   74:   121    72    70
   75:    73    74    75
   76:   121   124    70
   77:   125    48    34
   78:   126   127    34
   79:   128    48    34
   80:   126   127    34
   81:    47    48    34
   82:    40    41    34
   83:    38    39    34
   84:   121    72    34
   85:   125    48    34
   86:   121   129    70
   87:   128    48    34
   88:   130   131   123
   89:   121    72    70
   90:    47   103    34
   91:   128    48    34
   92:    76    85    78
   93:    68   132    34
   94:    38   133    34
   95:   128    48    34
   96:   134   135    34
   97:    76   115    78
   98:   136   137    34
   99:   128    39    59
  100:   114   115    78
  101:   136   137    34
  102:   125    48    34
  103:   121    72    34
  104:    71   124    70
  105:   128    48    34
  106:   121    84    70
  107:   128    48    34
  108:   138   116    80
  109:    68   129    70
  110:   128    48    34
  111:   139   140    34
  112:   141   142   143
  113:   144     3     3
  114:   145   129    70
  115:   125    48    34
  116:   128    48    34
  117:    88   131   123
  118:   146   137    70
  119:    88    89    75
  120:    73   122   123
  121:    73   122   123
  122:   121    72    70
  123:    73    74    75
  124:   121    72    34
  125:   147   122   123
  126:    73   122   123
  127:    71    72    34
  128:    71    84    70
  129:   121    72    34
  130:    73   131   123
  131:   121    72    70
  132:    71    72    34
  133:   148   107    80
  134:   121    84    70
  135:    76   107    80
  136:   145    69    70
  137:    71    72    34
  138:   130   149   123
  139:    73   122   123
  140:    71    72    34
  141:   150   151   152
  142:   136   137    59
  143:   153   154   155
  144:   156   157   158
  145:    73   131   123
  146:   130   131   123
  147:   121   159    70
  148:    73   160   123
  149:   121    72    70
  150:   145   161    70
  151:   121    48    70
  152:   126   127    34
  153:    88   131   123
  154:   146   137    70
  155:   162   163   164
  156:   114   115   165
  157:   114   116   111
  158:   166   167   168
  159:   121    72    34
  160:   121    72    70
  161:   121    72    34
  162:   130   131   123
  163:   121    72    70
  164:    73    74    75
  165:   139   140    34
  166:   169   170   171
  167:   172   142   143
  168:    64   173    66
  169:   174   131   123
  170:   121    72    70
  171:   120    74    75
  172:    88   131   123
  173:   114   116    80
  174:   121   175    70
  175:   121    72    34
------------------------
0: Initial State
1,4,5,6,7,8,9,10,11,12,13,14,15,16,17,18,19,20,21,22,23,24,25,26,27,28,30,31,32,33,34,35,36,37,38,39,40,41,42,43,44,45,46,47,48,49,50,51,52,53,54,55,56,57,58,59,60,61,62,64,65,66,67,68,69,70,71,72,73,74,75,76,77,78,79,80,81,82,83,84,85,86,87,88,89,90,91,92,93,94,95,96,97,98,99,100,101,102,103,104,105,106,107,108,109,110,111,112,113,114,115,116,117,118,119,120,121,122,123,124,125,126,127,128,129,130,131,132,133,134,135,136,137,138,139,140,141,142,143,144,145,146,147,148,149,150,151,152,153,154,155,156,157,158,159,160,161,162,163,164,165,166,167,168,169,170,171,172,173,174,175: Accepting State(s)


