1111
Sigma:     a     b     c     d     e
------------------------------------
    0:     1     2     3     4     5
    1:     6     7     8     9    10
    2:    11    12    13    14    15
    3:    16    17    18    19    20
    4:    21    22    23    24    25
    5:    26    27    28    29    30
    6:    31    32    33    34    35
    7:    36    37    38    39    40
    8:    41    42    43    44    45
    9:    46    47    33    48    49
   10:    50    51    52    53    54
   11:    55    56    57    58    59
   12:    60    61    62    63    64
   13:    16    17    65    19    66
   14:    67    68    69    70    71
   15:    72    73    74    75    76
   16:     6    56    77    78    79
   17:    80    81     8    82    83
   18:    84    85    86    87    88
   19:    89    90    91    92    93
   20:    72    94    74    95    10
   21:    96    97    98    99   100
   22:    55   101   102   103   104
   23:    23    23    23    23    23
   24:   105   106   107   108   109
   25:   110   111   112   113   114
   26:   115   116   117   118   119
   27:   120   121    38    39   122
   28:   123    42   124    53   125
   29:   126   127   128   129   130
   30:   131   132   133   134   135
   31:   136   137   138   139   140
   32:    36    37    38   141   142
   33:   143    42   144    44    45
   34:   145   146   147   139   148
   35:    50    51   149   150   151
   36:   152   153   154   155   156
   37:   157   158   159   160   161
   38:   162   163   164   165   166
   39:   167   168   169   170   171
   40:   172   173   174   175   176
   41:   177   178   179   155   180
   42:   157   158   159   160   161
   43:   181   163   164   165   182
   44:   183   184   185   170   186
   45:   187   173   174   188   189
   46:   136   137   190   139   191
   47:   192    37    38   141   193
   48:   194   195   196   139   148
   49:    50    51   149   150   151
   50:   197   198   199   200   156
   51:   157   158   159   160   161
   52:   201   163   202   203   166
   53:   204   205   206   170   207
   54:   172   173   174   175   208
   55:   209   210    33   211    35
   56:    36    37    38    39   212
   57:   213    42    43   214    45
   58:   215   216   217   139   148
   59:   218    51   149   219   151
   60:   220   221   222   223    59
   61:   224   225   226   227   228
   62:   229    81   230   231   232
   63:   233   234   235   236   237
   64:   218    51   149   214   238
   65:    84    85   230    87   239
   66:   240    94   241    95   242
   67:   115   116   243   118   244
   68:   245   121    38   246   122
   69:   123    42    43    53   247
   70:   248   249   250    48    49
   71:    50    51   251   150   252
   72:   115   253   254   118   119
   73:   192    37   255    39    40
   74:   123    42   256    53    45
   75:   257   258    33    48    49
   76:    50    51    52    53   238
   77:   143    42    43    44    45
   78:   257   259    33    48    49
   79:    50    51    52   150   151
   80:   260   261   262    34    59
   81:   192    37   255   246    40
   82:   263   264   250    48    49
   83:    50    51    52    53   238
   84:   260   261    33    34    35
   85:   192    37   255    39    40
   86:   143    42    43    44   125
   87:   126   127   265   266   130
   88:    50   267   268    53   269
   89:   270   271   272   273   274
   90:   275   276    98   277   278
   91:   279   280   281   282    66
   92:   283   284   107   108   109
   93:   285    85   286   287   288
   94:    36    37    38    39    40
   95:   126   127   265   266   130
   96:   209   289    33   211    35
   97:   120   290   291    39   292
   98:   213   293   294   214   125
   99:   215   295   296   297   148
  100:   298   299   300   301   302
  101:   120   121    38    39    40
  102:    41   293   294    44   125
  103:   215   295   217   139   148
  104:    50   267   251    53   303
  105:   304   305   243   306   119
  106:   192    37    38   246   212
  107:   123    42    43    53    45
  108:   194   307   196   139   148
  109:    50    51   149    53   238
  110:   308   309   310   311    79
  111:   224   225   226   312   313
  112:   314   315    33   316    10
  113:   317   318   319   320   321
  114:   240    73   241   322   323
  115:   324   325   326   139   327
  116:    36    37    38   141   193
  117:   328    42   329    44   330
  118:   331   146   147   332   333
  119:   218    51   149   219   151
  120:   334   198   154   155   156
  121:   157   158   335   160   161
  122:   172   173   174   175   208
  123:   336   337   179   200   180
  124:   181   163   164   165   338
  125:   187   339   340   188   341
  126:   342   343   190   139   191
  127:   192   344   345   346   347
  128:   314   348   349   316   350
  129:   351   352   196   139   148
  130:    50    51   149   150   353
  131:   197   354   355   200   156
  132:   356   357   159   160   358
  133:   359   163   164   360   182
  134:   204   205   206   170   207
  135:   187   173   361   362   176
  136:   363   178   154   200   364
  137:   157   158   335   160   365
  138:   181   163   164   165   166
  139:   366   367   368   170   207
  140:   369    51   370   371   372
  141:   373   374   368   170   375
  142:   376   173   174   175   377
  143:   378   337   179   155   180
  144:   181   163   164   165   182
  145:   379   337   380   200   381
  146:   157   158   159   160   365
  147:   382   383   384   385   386
  148:   369   387   388   389   390
  149:   201   163   202   203   166
  150:   204   391   206   170   207
  151:   172   173   174   392   393
  152:   394   153   395   396   397
  153:   157   158   159   398   399
  154:   400   401   402   403   404
  155:   405   406   407   408   409
  156:   410   411   412   413   414
  157:   394   153   415   396   416
  158:   157   158   159   398   417
  159:   418   383   419   420   421
  160:   422   423   424   408   425
  161:   410   426   427   428   429
  162:   430   178   431   432   433
  163:   157   158   159   398   417
  164:   434   435   436   437   438
  165:   183   184   439   170   186
  166:   440   441   442   443   444
  167:   445   198   446   396   447
  168:   157   158   335   398   417
  169:   448   435   449   437   421
  170:   450   451   452   408   453
  171:   454   441   455   456   457
  172:   197   198   458   200   156
  173:   157   158   159   160   161
  174:   201   163   459   203   404
  175:   460   461   462   170   207
  176:   172   173   174   463   176
  177:   464   178   395   396   397
  178:   157   158   335   398   399
  179:   465   401   402   466   404
  180:   467   411   412   468   414
  181:   469   337   431   432   433
  182:   440   470   442   443   471
  183:   472   337   415   396   473
  184:   157   158   159   398   417
  185:   474   163   475   466   404
  186:   454   441   455   456   414
  187:   197   198   199   200   156
  188:   204   205   476   170   207
  189:   172   173   174   463   189
  190:   477   163   164   478   166
  191:   376    51   370   392   372
  192:   479   153   154   200   156
  193:   376   173   174   175   377
  194:   480   153   481   200   381
  195:   157   158   159   160   365
  196:   482   401   483   360   166
  197:   484   198   485   396   397
  198:   157   158   335   398   399
  199:   486   401   487   466   404
  200:   450   451   424   408   409
  201:   488   337   489   396   473
  202:   434   435   436   437   421
  203:   460   461   490   170   207
  204:   405   337   415   396   491
  205:   157   158   159   398   417
  206:   465   401   492   466   404
  207:   454   426   427   413   414
  208:   172   173   174   463   208
  209:   136   137   190   139   493
  210:   192    37    38   141   142
  211:   494   195   495   139   148
  212:   172   173   174   175   176
  213:   177   178   154   155   364
  214:   496   497   498   170   186
  215:   499   178   154   200   381
  216:   157   158   335   160   365
  217:   500   401   483   165   166
  218:   197   198   458   200   156
  219:   460   501   462   170   207
  220:   502   503   262   211    59
  221:   192    37   255   246   212
  222:   504    42    43   214    45
  223:   194   195   196   139   148
  224:   505   506   507   508   509
  225:   192    37   255   246    40
  226:   510    42   144   214   330
  227:   351   511   196   139   148
  228:   218    51   149   512   238
  229:    31    32   262    34   513
  230:   143    42    43    44   247
  231:   248   514   250    48    49
  232:    50    51   149    53    54
  233:   515   354   481   155   381
  234:   356   357   335   160   358
  235:   482   401   483   360   182
  236:   366   367   368   170   207
  237:   369   387   516   389   390
  238:   172   173   174   175   176
  239:    50   267    52    53   517
  240:   304   305   254   306   119
  241:   342    42   256   512    45
  242:   218    51    52   512    54
  243:   518    42   329   214   330
  244:   218    51   149   219   151
  245:   519   198   154   200   156
  246:   520   521   368   170   375
  247:   187   339   174   188   341
  248:   522   523   524   139   525
  249:   192    37   255   141   142
  250:   123    42   144    53    45
  251:   359   163   202   360   526
  252:   187   173   174   371   393
  253:    36    37    38   141   142
  254:   328    42   190    44   330
  255:   527   163   164   478   166
  256:   181   163   164   165   166
  257:   342   343   190   139   191
  258:   192    37   255   141   193
  259:   192    37   255   141   142
  260:   342   343   138   139   140
  261:   192    37   255   141   142
  262:   504    42   144   214    45
  263:   324   325   524   139   525
  264:   192    37    38   141   193
  265:   528   348   349   316   350
  266:   194   195   196   139   148
  267:   157   158   335   160   161
  268:   359   163   202   360   166
  269:   187   173   174   362   208
  270:   502   529    33   211    35
  271:   245   290   530    39   292
  272:   213   293    43   214   125
  273:   215   216   296   297   148
  274:   298   132   531   532   533
  275:   209   210   262   211    59
  276:   245   121    38   246    40
  277:   351   511   196   139   148
  278:   218   267   251   512   303
  279:   534   535   536   537   538
  280:   539   280   540   282   541
  281:   542   543   281   282    66
  282:    23   544    91   545   546
  283:   547   548   243   306   119
  284:   192    37   255   246   212
  285:   549    32   310    34    35
  286:    41   293   138    44   550
  287:   551   552   265   266    49
  288:    50    51    52   150   151
  289:   192    37    38   141   193
  290:   356   357   335   160   161
  291:   162   553   554   165   338
  292:   172   339   555   175   556
  293:   157   158   335   160   161
  294:   181   163   557   165   338
  295:   157   158   335   160   161
  296:   558   401   483   165   166
  297:   373   559   368   170   207
  298:   197   354   481   200   156
  299:   356   357   335   160   358
  300:   359   163   557   360   338
  301:   460   461   462   170   207
  302:   187   339   555   362   556
  303:   187   339   174   362   560
  304:   324   325   561   139   327
  305:   192    37    38   141   142
  306:   562   195   495   332   333
  307:   157   158   159   160   161
  308:   563   564   326   565   140
  309:    36    37    38   141   142
  310:   143    42   138    44    45
  311:   566   567   568   569   570
  312:   571   572   573   211    49
  313:   218    51   149   512   238
  314:   574   564   138   565   140
  315:    36    37    38   141   193
  316:   566   575   568   569   570
  317:    55    56    57    58   513
  318:   576   577   578   579   580
  319:   581   582    65    19   583
  320:   584   284   107   223    49
  321:   240    73   585   586   587
  322:   588   146   217   139   148
  323:   218    51   149   219   151
  324:   197   198   589   200   156
  325:   157   158   335   160   365
  326:   181   163   202   165   166
  327:   376    51   370   392   372
  328:   336   337   179   200   590
  329:   477   163   164   478   182
  330:   591   592   593   463   594
  331:   379   337   380   200   595
  332:   366   367   368   170   207
  333:   596   597   598   599   390
  334:   600   198   395   396   397
  335:   601   383   419   437   421
  336:   405   337   415   396   397
  337:   157   158   159   398   399
  338:   440   470   602   443   471
  339:   157   158   335   160   161
  340:   359   163   459   360   404
  341:   172   173   174   463   189
  342:   336   337   154   200   364
  343:   157   158   159   160   365
  344:   157   158   159   160   161
  345:   527   163   164   478   166
  346:   373   374   368   170   207
  347:   376    51   370   175   377
  348:   192    37   255   141   193
  349:   143    42   144    44   247
  350:    50    51    52    53    54
  351:   603   198   481   200   381
  352:   157   158   335   160   365
  353:   172   173   174   392   393
  354:   157   158   335   398   417
  355:   486   401   604   466   404
  356:   600   198   415   396   416
  357:   157   158   335   398   417
  358:   410   426   427   428   605
  359:   488   337   431   396   433
  360:   204   205   606   170   207
  361:   359   163   607   360   404
  362:   204   205   206   170   207
  363:   464   178   415   396   397
  364:   410   411   412   413   414
  365:   410   426   427   428   429
  366:   608   153   446   396   491
  367:   394   158   159   609   610
  368:   611   383   612   437   421
  369:   197   198   199   200   613
  370:   201   163   614   203   404
  371:   204   391   206   170   207
  372:   591   592   593   615   616
  373:   484   198   446   396   491
  374:   394   158   335   609   617
  375:   454   426   427   413   457
  376:   197   198   458   200   613
  377:   591   592   593   463   618
  378:   405   337   395   396   397
  379:   405   337   415   396   491
  380:   619   383   620   420   421
  381:   410   426   412   413   414
  382:   611   153   621   432   491
  383:   394   158   159   609   617
  384:   611   383   622   437   438
  385:   379   623   624   170   207
  386:   410   426   625   626   627
  387:   157   158   159   160   161
  388:   201   163   614   203   404
  389:   204   391   206   170   375
  390:   596   592   593   615   390
  391:   157   158   159   398   399
  392:   460   501   462   170   207
  393:   172   173   174   615   393
  394:   394   153   415   396   416
  395:   628   383   419   437   421
  396:   450   451   452   408   409
  397:   410   426   427   413   414
  398:   422   423   452   408   425
  399:   410   426   427   626   429
  400:   629   153   485   432   447
  401:   157   158   159   398   417
  402:   448   435   630   437   438
  403:   631   632   633   408   634
  404:   440   441   455   443   635
  405:   405   337   415   396   416
  406:   394   158   159   609   610
  407:   628   383   612   437   421
  408:   450   451   452   408   453
  409:   410   426   427   413   414
  410:   445   198   636   396   447
  411:   157   158   159   398   417
  412:   637   435   638   420   421
  413:   639   640   424   408   425
  414:   410   441   455   456   414
  415:   619   383   419   420   421
  416:   410   426   427   641   457
  417:   410   426   427   626   429
  418:   642   198   485   432   416
  419:   643   383   644   437   438
  420:   450   645   452   408   409
  421:   410   426   427   626   646
  422:   484   198   446   396   416
  423:   394   158   335   609   617
  424:   611   383   612   437   421
  425:   410   426   427   641   457
  426:   394   158   159   609   617
  427:   405   435   638   420   421
  428:   639   647   424   408   425
  429:   410   441   455   648   429
  430:   464   178   395   396   397
  431:   628   383   419   437   421
  432:   405   406   649   408   409
  433:   467   411   427   468   457
  434:   650   337   395   432   491
  435:   394   158   159   609   617
  436:   628   383   651   437   438
  437:   405   435   649   408   409
  438:   410   652   427   626   653
  439:   654   163   655   466   404
  440:   445   198   636   396   656
  441:   394   158   159   609   617
  442:   637   435   415   420   421
  443:   639   647   452   408   453
  444:   410   657   658   648   646
  445:   484   198   485   396   659
  446:   660   383   644   420   421
  447:   410   411   427   413   457
  448:   405   337   395   396   491
  449:   661   383   419   437   438
  450:   608   153   446   396   416
  451:   394   158   159   609   610
  452:   643   383   419   437   421
  453:   410   426   427   641   414
  454:   445   198   636   396   447
  455:   405   435   638   420   421
  456:   639   640   424   408   453
  457:   410   441   455   456   457
  458:   662   401   487   403   404
  459:   663   435   436   420   421
  460:   608   153   446   396   491
  461:   157   158   159   398   417
  462:   486   401   492   664   404
  463:   460   461   368   170   207
  464:   464   178   415   396   416
  465:   629   153   665   432   447
  466:   666   163   667   408   634
  467:   445   198   668   396   447
  468:   669   337   407   408   425
  469:   405   337   395   396   397
  470:   394   158   335   609   617
  471:   410   657   658   648   646
  472:   405   337   415   396   659
  473:   410   411   427   413   457
  474:   670   337   395   432   433
  475:   671   435   672   437   438
  476:   628   383   612   437   421
  477:   469   337   489   432   473
  478:   496   497   673   170   186
  479:   394   153   415   396   397
  480:   608   153   485   396   491
  481:   662   401   604   403   404
  482:   674   153   621   396   447
  483:   448   435   630   437   438
  484:   484   198   485   396   416
  485:   619   383   675   420   421
  486:   676   153   665   396   447
  487:   637   435   630   420   421
  488:   405   337   415   396   397
  489:   619   383   419   420   421
  490:   677   401   678   664   404
  491:   410   426   427   413   457
  492:   650   435   679   437   438
  493:   376    51   370   392   372
  494:   480   153   680   200   381
  495:   681   383   384   385   386
  496:   676   153   446   396   447
  497:   157   158   159   398   417
  498:   682   163   475   664   404
  499:   464   178   415   396   491
  500:   683   153   621   432   447
  501:   157   158   159   398   399
  502:   342   343   190   139   493
  503:   192    37   255   141   142
  504:   378   337   154   155   364
  505:   684   685   686   687   688
  506:   689   690   691   692   693
  507:   694   184   695   696   697
  508:   698   501   699   700   701
  509:   172    51   370   392   702
  510:   177   178   154   155   703
  511:   157   158   335   160   161
  512:   460   461   462   170   207
  513:   218    51   149   219   151
  514:   192    37   255   141   193
  515:   484   198   665   396   491
  516:   359   163   614   360   704
  517:   172   173   174   175   208
  518:   336   337   154   200   703
  519:   600   198   415   396   397
  520:   484   198   446   396   491
  521:   157   158   335   398   417
  522:   705   153   589   200   156
  523:   157   158   159   160   365
  524:   201   163   706   478   166
  525:   376    51   370   392   372
  526:   440   441   442   443   444
  527:   430   178   489   432   473
  528:   123   707   138   565   140
  529:   192    37   255   141   193
  530:   527   553   554   478   338
  531:   359   163   164   360   182
  532:   460   501   462   170   207
  533:   187   173   340   371   393
  534:    84    85     8   708    79
  535:   275    81   709    82   710
  536:    16    17    65    19    20
  537:   317   711   712   713   714
  538:    26   715    69   716   717
  539:   718   719   536   720   538
  540:   229    81   721    82   232
  541:   722   723   241   231   724
  542:     1   725     3   537   538
  543:   279   280   726   282   727
  544:   728   729    23   730    23
  545:   731   732   733   734   735
  546:   736   737   102   738   739
  547:   522   523   561   139   327
  548:   192    37   255   141   142
  549:   740   137   326   139   140
  550:   187   173   174   188   189
  551:   136   137   190   139   191
  552:   192   344   741   346   742
  553:   157   158   335   398   417
  554:   434   435   743   437   744
  555:   359   163   459   360   704
  556:   172   339   174   463   560
  557:   434   435   436   437   744
  558:   745   198   621   432   447
  559:   394   158   335   609   610
  560:   172   173   174   463   208
  561:   477   163   202   478   166
  562:   480   153   680   200   595
  563:   746   178   747   200   180
  564:   748   158   335   160   365
  565:   379   749   476   170   207
  566:   750   146   686   687   751
  567:   689   690   691   692   693
  568:   752   184   695   753   697
  569:   754   501   755   700   701
  570:   187    51   370   371   702
  571:   324   325   524   139   525
  572:   192    37    38   141   193
  573:   328    42   144    53   330
  574:   363   178   179   200   180
  575:   689   690   691   692   756
  576:   588   146   757   139   758
  577:   689   690   691   759   760
  578:   761   184   762   753   697
  579:   763   521   755   700   701
  580:   187    51   370   362   764
  581:    84   765    77    78    79
  582:   220    81    57    82   766
  583:   240    73   241    75   767
  584:   547   548   243   306   244
  585:   342    42   138   512    45
  586:   126   768   265   266    49
  587:   218    51   149   219   151
  588:   379   337   154   200   381
  589:   400   401   769   403   404
  590:   467   411   412   468   457
  591:   197   198   770   200   156
  592:   394   158   159   771   772
  593:   773   435   774   775   421
  594:   376   173   174   463   330
  595:   410   426   412   413   457
  596:   197   198   770   200   613
  597:   394   158   159   771   772
  598:   773   435   774   775   421
  599:   460   501   462   170   375
  600:   600   198   415   396   416
  601:   642   198   665   432   416
  602:   448   435   415   437   421
  603:   484   198   485   396   491
  604:   637   435   630   420   438
  605:   410   441   455   648   605
  606:   776   401   678   466   404
  607:   663   435   436   420   438
  608:   608   153   485   396   416
  609:   422   423   452   408   425
  610:   410   426   427   626   429
  611:   608   153   665   396   491
  612:   643   383   644   437   438
  613:   410   411   412   413   457
  614:   434   435   436   437   421
  615:   460   501   368   170   207
  616:   376   173   174   615   372
  617:   410   426   427   626   429
  618:   376   173   174   463   377
  619:   643   153   485   432   491
  620:   611   383   622   437   438
  621:   628   383   675   437   421
  622:   660   383   644   420   438
  623:   394   158   159   609   617
  624:   661   383   419   437   421
  625:   637   435   415   420   421
  626:   639   647   452   408   425
  627:   410   441   658   648   646
  628:   643   153   665   432   491
  629:   608   153   665   396   659
  630:   619   383   651   420   438
  631:   676   153   446   396   777
  632:   157   158   159   398   417
  633:   650   435   672   437   421
  634:   410   441   455   456   414
  635:   410   657   455   648   646
  636:   660   383   778   420   421
  637:   405   337   415   396   491
  638:   779   383   419   420   421
  639:   608   153   446   396   416
  640:   157   158   159   398   399
  641:   639   640   452   408   425
  642:   484   198   665   396   416
  643:   608   153   665   396   416
  644:   608   383   644   420   438
  645:   394   158   159   609   617
  646:   410   441   455   648   646
  647:   157   158   159   398   417
  648:   639   647   424   408   453
  649:   661   383   419   437   421
  650:   405   337   395   396   416
  651:   611   383   644   437   438
  652:   394   158   335   609   617
  653:   410   441   455   648   646
  654:   670   337   395   432   780
  655:   671   435   672   437   438
  656:   410   411   427   413   414
  657:   157   158   159   398   417
  658:   637   435   638   420   421
  659:   410   426   427   641   414
  660:   608   153   485   396   491
  661:   643   153   665   432   416
  662:   676   153   485   396   447
  663:   650   337   415   432   491
  664:   669   781   649   408   409
  665:   628   383   675   437   421
  666:   472   337   415   396   782
  667:   671   435   672   437   421
  668:   611   383   778   437   421
  669:   405   337   415   396   416
  670:   405   337   395   396   659
  671:   650   337   395   432   416
  672:   661   383   419   437   438
  673:   783   163   655   664   404
  674:   608   153   485   396   397
  675:   643   383   644   437   421
  676:   608   153   485   396   659
  677:   676   153   665   396   777
  678:   650   435   679   437   438
  679:   779   383   419   420   438
  680:   660   383   784   420   421
  681:   660   153   621   396   491
  682:   472   337   395   396   433
  683:   608   153   665   396   397
  684:   785   153   154   200   381
  685:   157   158   159   160   365
  686:   786   401   402   478   404
  687:   366   367   368   170   207
  688:   376   387   388   787   390
  689:   788   153   380   396   789
  690:   157   158   159   398   161
  691:   790   435   791   420   792
  692:   373   374   424   170   793
  693:   794   441   455   795   429
  694:   378   337   796   432   473
  695:   474   163   797   466   798
  696:   496   497   498   170   186
  697:   799   800   801   802   803
  698:   480   153   804   396   397
  699:   611   383   384   437   792
  700:   366   367   424   170   805
  701:   806   807   808   468   809
  702:   172   173   174   615   393
  703:   410   411   412   413   457
  704:   440   441   455   443   635
  705:   608   153   485   396   397
  706:   663   435   436   420   438
  707:   157   158   159   160   365
  708:    46   810    33    48    49
  709:   213   293    43   214   247
  710:   218    51   268   512   811
  711:   220    81     8   277   812
  712:    16   582    65    19   583
  713:   813   106   107   223    49
  714:   240    73   585   586   814
  715:   245   121   255    39   122
  716:   126   768   265   266   130
  717:   815    51   816   150   252
  718:   817    85    57    58    59
  719:   275    81   709   277   818
  720:   819   106   107   820   821
  721:    41   293    43    44   247
  722:   304   305   822   306   244
  723:   192    37   255   246    40
  724:   218    51   149   512   238
  725:   823    81   721    82   824
  726:   542   280   281   282   583
  727:   240    73   241    95   825
  728:    96    97    98    99   826
  729:   827   828   829   830   831
  730:    26    27    28    29   739
  731:   534   832   536   537   538
  732:   544   833   834    23   835
  733:   731   732   281   836    23
  734:   731   732   837    23    23
  735:   838   839   829     4   730
  736:    31   840    33    34    35
  737:   841   842   291   843   292
  738:   551   844   128   129   130
  739:   131   299   845   846   847
  740:   746   178   589   200   364
  741:   162   163   164   165   166
  742:   376    51   370   175   377
  743:   628   383   651   437   744
  744:   410   652   848   626   653
  745:   484   198   665   396   397
  746:   849   178   485   396   397
  747:   465   401   769   466   404
  748:   850   153   415   432   416
  749:   394   158   159   609   610
  750:   379   337   154   200   381
  751:   376   387   388   787   390
  752:   378   337   851   432   433
  753:   183   184   185   170   186
  754:   480   153   852   396   397
  755:   486   401   483   664   853
  756:   794   441   455   795   429
  757:   786   401   483   478   166
  758:   376   387   388   599   390
  759:   520   521   424   170   793
  760:   854   441   455   795   855
  761:   177   178   431   432   433
  762:   434   435   436   437   438
  763:   603   198   852   396   397
  764:   172   173   174   463   176
  765:   192    37   255    39   212
  766:   218    51    52   512   238
  767:   218    51    52   512    54
  768:   192   344   345   346   742
  769:   448   435   630   437   421
  770:   660   383   856   420   421
  771:   422   423   424   408   425
  772:   410   426   427   428   429
  773:   637   337   489   396   491
  774:   619   383   651   420   421
  775:   366   857   858   170   207
  776:   629   153   665   432   777
  777:   410   411   427   641   457
  778:   608   383   644   420   421
  779:   643   153   485   432   416
  780:   467   411   427   859   457
  781:   157   158   159   398   417
  782:   410   411   427   641   457
  783:   472   337   395   396   780
  784:   660   383   622   420   438
  785:   394   153   415   396   491
  786:   683   153   860   432   447
  787:   460   501   368   170   375
  788:   394   153   415   396   397
  789:   410   411   412   641   457
  790:   861   178   415   432   491
  791:   628   383   651   437   438
  792:   410   426   412   626   646
  793:   410   426   427   413   457
  794:   862   198   863   396   447
  795:   460   461   864   170   805
  796:   400   401   678   403   404
  797:   434   435   436   437   438
  798:   440   470   455   443   865
  799:   445   198   636   396   656
  800:   394   158   159   609   617
  801:   637   435   774   420   421
  802:   639   647   424   408   453
  803:   454   866   867   802   868
  804:   660   383   644   420   421
  805:   410   426   427   413   414
  806:   445   198   668   396   447
  807:   157   158   159   398   417
  808:   869   163   614   870   404
  809:   410   441   658   456   414
  810:   192    37    38   141   142
  811:   187   173   174   362   176
  812:    50    51   149    53   238
  813:   304   305   243   306   244
  814:   218    51    52   219   151
  815:   197   198   355   200   156
  816:   359   163   164   360   166
  817:   502   503    33   211    35
  818:   218    51   871   512   811
  819:   115   253   243   118   244
  820:   248   249   250    48    49
  821:    50    51   149   150   151
  822:   518    42   190   214   330
  823:    31    32   262    34    59
  824:    50    51   268    53   811
  825:   218    51    52   512   238
  826:   298   299   300   301   302
  827:   823   872    77   820    79
  828:   873   874   875   876   877
  829:     6     7   878    87    88
  830:   879   880   881   882   237
  831:   883   299   300   884   885
  832:   275   276    98    82   886
  833:   542   887    23   888   889
  834:   890   891   102   892   893
  835:    21   729    23   894   895
  836:    23    23   734   734   735
  837:    23    23   281   836    23
  838:     6     7    77    78    79
  839:   896   891   102   892   739
  840:    36    37    38   141   193
  841:   334   354   154   155   156
  842:   897   898   899   900   901
  843:   167   168   169   170   171
  844:   192   344   741   346   347
  845:   359   163   557   360   338
  846:   204   205   902   903   207
  847:   904   905   906   907   908
  848:   650   435   638   437   421
  849:   849   178   485   396   416
  850:   394   153   395   396   416
  851:   465   401   678   466   404
  852:   662   401   909   403   404
  853:   440   441   658   443   635
  854:   862   198   863   396   656
  855:   410   657   455   648   429
  856:   660   383   622   420   421
  857:   394   158   159   609   617
  858:   643   383   419   437   421
  859:   669   337   649   408   425
  860:   619   383   675   420   421
  861:   464   178   395   396   416
  862:   484   198   485   396   397
  863:   660   383   778   420   421
  864:   486   401   492   664   404
  865:   410   657   455   648   646
  866:   157   158   159   398   417
  867:   869   163   910   870   404
  868:   799   441   455   648   635
  869:   472   337   415   396   473
  870:   639   647   452   408   409
  871:   359   163   202   360   166
  872:   192    37    38   246    40
  873:   911   912   507   913   509
  874:   914   842   291   915   292
  875:   916   293   917    44   918
  876:   571   572   573   211    49
  877:   218   267   251   512   303
  878:   143    42   124    44   125
  879:   919   920   154   155   381
  880:   356   921   899   160   901
  881:   558   922   923   165   338
  882:   373   559   368   170   207
  883:   924   354   355   155   156
  884:   183   184   925   903   186
  885:   904   905   906   907   908
  886:   218   267   926   512   303
  887:   542   543   726   282   727
  888:    23   544   734   734   546
  889:   927   928   929   930   931
  890:    31   840   262    34   513
  891:   914   842   291   915   292
  892:   263   264   250    48    49
  893:    50   267   251    53   303
  894:   932    68    28   933   934
  895:   110   935   112   936   937
  896:    31   840   262    34    59
  897:   600   354   415   396   416
  898:   897   898   899   938   939
  899:   601   940   941   437   744
  900:   422   423   424   408   425
  901:   410   652   942   428   943
  902:   944   401   492   466   404
  903:   422   945   452   408   453
  904:   197   354   199   200   156
  905:   356   357   335   160   358
  906:   359   163   946   360   947
  907:   204   205   902   903   207
  908:   172   339   555   463   556
  909:   405   435   679   420   438
  910:   948   435   672   420   421
  911:   949   950   951   687   688
  912:   952   690   953   692   756
  913:   954   391   955   700   701
  914:   519   354   154   200   156
  915:   520   521   368   170   375
  916:   177   178   179   155   590
  917:   181   163   557   165   338
  918:   591   956   957   463   958
  919:   464   178   395   396   491
  920:   157   158   335   398   417
  921:   356   357   335   398   417
  922:   157   158   335   398   417
  923:   448   435   959   437   744
  924:   484   198   665   396   397
  925:   960   163   475   466   404
  926:   359   163   202   360   526
  927:   961   962   963   964   965
  928:   966   967   968   969   313
  929:    16    17   970   971   972
  930:   973   974   975   545   546
  931:   240    94   241   976   977
  932:   304   978   243   306   119
  933:   194   307   196   139   148
  934:   131   299   300   846   847
  935:   979   225   968   312   313
  936:   980   981   975    92   982
  937:   240    94   241   976   983
  938:   422   423   452   408   425
  939:   410   652   942   626   943
  940:   394   158   335   609   617
  941:   643   383   984   437   744
  942:   650   435   638   437   985
  943:   410   470   455   648   986
  944:   987   198   665   432   447
  945:   394   158   335   609   610
  946:   663   435   436   420   744
  947:   440   470   988   443   865
  948:   650   337   415   432   416
  949:   989   198   154   200   381
  950:   157   158   335   160   365
  951:   500   401   402   165   404
  952:   990   153   380   432   789
  953:   991   435   791   437   792
  954:   379   337   489   396   397
  955:   628   383   384   437   792
  956:   394   158   335   771   772
  957:   992   435   774   385   421
  958:   376   173   174   463   330
  959:   619   383   651   420   744
  960:   993   178   395   432   433
  961:   994   564   995   996   140
  962:    36   344   741   346   742
  963:   997   998   265   999   583
  964:  1000  1001   568  1002  1003
  965:   240    73   241   322  1004
  966:  1005  1006  1007   913   509
  967:   192    37   255    39    40
  968:   916    42   144    44   330
  969:  1008   289  1009   211    49
  970:     6    85   230    87   350
  971:    21  1010    91    92    93
  972:   240    73   241    95   767
  973:    16  1011   970  1012   972
  974:  1013  1014     3  1015   730
  975:   279   280    91  1016    66
  976:   588  1017   217   139   148
  977:   218    51   149   512    54
  978:   192    37    38   141   193
  979:  1005  1006   507   913   509
  980:    55     7    57   103   983
  981:  1018  1019  1020   579  1021
  982:   285    85   286   287  1022
  983:   218    51   149   512    54
  984:   608   383   644   420   744
  985:   410   426   427   626   646
  986:   410   441   455   648   605
  987:   484   198   665   396   659
  988:   650   435   638   437   421
  989:   600   198   415   396   491
  990:   394   153   395   396   397
  991:   861   178   395   432   491
  992:   637   337   431   396   491
  993:   464   178   395   396   659
  994:  1023   178   747   155   180
  995:   162   163   202   165   166
  996:   499  1024   476   170   207
  997:    41   564   256   565   140
  998:   342    42   345   346  1025
  999:  1026  1027  1028  1029  1030
 1000:  1031  1032   686  1033   751
 1001:   689   690   953   759  1034
 1002:  1035  1036  1037   700  1038
 1003:   187    51   370   371   702
 1004:   218    51   149   219   151
 1005:   684   685   951   687   688
 1006:   689   690   691   692   693
 1007:   752   184   695   753   697
 1008:   136   137   190   139   191
 1009:  1039    42   144    44   330
 1010:   275   276   102   277   104
 1011:  1040    81  1041  1042    83
 1012:  1043  1044   230    70    71
 1013:    55     7    57   103   977
 1014:  1045  1046   829  1047   831
 1015:    67    68    28    70    71
 1016:   731  1048    91   545   546
 1017:   157   158   159   160   161
 1018:   215   216   757   139   758
 1019:  1049  1050   953   759   760
 1020:   761  1051  1052   753  1053
 1021:   187   267  1054   362  1055
 1022:    50    51   149   150   151
 1023:   849   178   665   396   397
 1024:   394   158   335   609   610
 1025:   376    51   370   175   377
 1026:  1056  1057   686  1033   751
 1027:  1049  1058  1059   759  1060
 1028:   752   184   695   753  1061
 1029:  1035  1036  1037   700  1038
 1030:   187    51  1054   371  1062
 1031:   499   178   179   200   381
 1032:   748   158   335   160   365
 1033:   379   749   476   170   207
 1034:   854   441   455   795   855
 1035:   705   153   852   396   656
 1036:   157   158   159   398   399
 1037:   682   163   164   664   853
 1038:   806   632  1063  1064  1065
 1039:   378   337   179   155   590
 1040:  1066  1067  1068   913  1069
 1041:   916    42    43    44   330
 1042:   571   264   573    48    49
 1043:    31    32   262    34   513
 1044:   245   121  1070   246  1071
 1045:   275   872   222   223    59
 1046:  1072   874   875  1073  1074
 1047:   233   234  1075   236   237
 1048:  1076  1077   834   730   835
 1049:  1078   198   380   396   789
 1050:   157   158   335   398   161
 1051:   157   158   335   398   417
 1052:   434   435   743   437   744
 1053:   799  1079  1080   802  1081
 1054:   359   163   614   360   704
 1055:   187   339   174   188   560
 1056:   379   337   179   200   381
 1057:   157   158   159   160   161
 1058:   356   357   335   398   161
 1059:   790  1082  1083   420  1084
 1060:   854   470  1085   795  1086
 1061:   799  1079   801   802  1081
 1062:   187   173   174  1087   393
 1063:   869   163   614   870   404
 1064:   669   337   407   408   453
 1065:   440   441   658   456  1088
 1066:   750   146   951   687  1089
 1067:   689   690   691   692   693
 1068:   694   184   695   696   697
 1069:   172    51   370   392   702
 1070:   162   553   164   165   182
 1071:   172   339   174   175   560
 1072:  1090  1091   507   508   509
 1073:   351   511   196   139   148
 1074:   218   267   251   512   303
 1075:   482   401  1092   360   338
 1076:  1093  1094    98  1095   826
 1077:  1096  1097   829  1098  1099
 1078:   600   198   415   396   397
 1079:   394   158   335   609   617
 1080:   448   435   774   437   421
 1081:   454   866   867   802   868
 1082:   394   158   335   609   617
 1083:   628   383  1100   437   744
 1084:   410   652  1101   626   653
 1085:   650   435   638   437   985
 1086:   410  1102   455   648   986
 1087:   204   391   476   170   207
 1088:   410   657   455   456   414
 1089:   369   387   388  1103   390
 1090:   949   950   686   687   688
 1091:   689   690   953   692   756
 1092:   448   435   630   437   744
 1093:   209   289   262   211    59
 1094:   245   290   291   246   292
 1095:   351   511   196   139   148
 1096:   823  1104    77   820    79
 1097:  1105  1106   968   312   313
 1098:   879   880  1107   236   237
 1099:  1108   267   251    44  1109
 1100:   611   383   644   437   744
 1101:   448   435   638   437   421
 1102:   157   158   335   398   417
 1103:   204   391   476   170   375
 1104:   192    37    38   246   212
 1105:   911  1110   507   913   509
 1106:   192    37    38   246    40
 1107:   500   401  1092   165   338
 1108:   924   198   199   155   156
 1109:   187   339   174   362   560
 1110:   952   690   953   692   693
------------------------------------
0: Initial State
0,1,2,3,5,6,7,8,9,10,11,12,13,14,15,16,17,18,19,20,21,22,24,25,26,27,28,29,30,31,32,33,34,35,36,37,38,39,40,41,42,43,44,45,46,47,48,49,50,51,52,53,54,55,56,57,58,59,60,61,62,63,64,65,66,67,68,69,70,71,72,73,74,75,76,77,78,79,80,81,82,83,84,85,86,87,88,89,90,91,92,93,94,95,96,97,98,99,100,101,102,103,104,105,106,107,108,109,110,111,112,113,114,115,116,117,118,119,120,121,122,123,124,125,126,127,128,129,130,131,132,133,134,135,136,137,138,139,140,141,142,143,144,145,146,147,148,149,150,151,152,153,154,155,156,157,158,159,160,161,162,163,164,165,166,167,168,169,170,171,172,173,174,175,176,177,178,179,180,181,182,183,184,185,186,187,188,189,190,191,192,193,194,195,196,197,198,199,200,201,202,203,204,205,206,207,208,209,210,211,212,213,214,215,216,217,218,219,220,221,222,223,224,225,226,227,228,229,230,231,232,233,234,235,236,237,238,239,240,241,242,243,244,245,246,247,248,249,250,251,252,253,254,255,256,257,258,259,260,261,262,263,264,265,266,267,268,269,270,271,272,273,274,275,276,277,278,279,280,281,282,283,284,285,286,287,288,289,290,291,292,293,294,295,296,297,298,299,300,301,302,303,304,305,306,307,308,309,310,311,312,313,314,315,316,317,318,319,320,321,322,323,324,325,326,327,328,329,330,331,332,333,334,335,336,337,338,339,340,341,342,343,344,345,346,347,348,349,350,351,352,353,354,355,356,357,358,359,360,361,362,363,364,365,366,367,368,369,370,371,372,373,374,375,376,377,378,379,380,381,382,383,384,385,386,387,388,389,390,391,392,393,394,395,396,397,398,399,400,401,402,403,404,405,406,407,408,409,410,411,412,413,414,415,416,417,418,419,420,421,422,423,424,425,426,427,428,429,430,431,432,433,434,435,436,437,438,439,440,441,442,443,444,445,446,447,448,449,450,451,452,453,454,455,456,457,458,459,460,461,462,463,464,465,466,467,468,469,470,471,472,473,474,475,476,477,478,479,480,481,482,483,484,485,486,487,488,489,490,491,492,493,494,495,496,497,498,499,500,501,502,503,504,505,506,507,508,509,510,511,512,513,514,515,516,517,518,519,520,521,522,523,524,525,526,527,528,529,530,531,532,533,534,535,536,537,538,539,540,541,542,543,545,546,547,548,549,550,551,552,553,554,555,556,557,558,559,560,561,562,563,564,565,566,567,568,569,570,571,572,573,574,575,576,577,578,579,580,581,582,583,584,585,586,587,588,589,590,591,592,593,594,595,596,597,598,599,600,601,602,603,604,605,606,607,608,609,610,611,612,613,614,615,616,617,618,619,620,621,622,623,624,625,626,627,628,629,630,631,632,633,634,635,636,637,638,639,640,641,642,643,644,645,646,647,648,649,650,651,652,653,654,655,656,657,658,659,660,661,662,663,664,665,666,667,668,669,670,671,672,673,674,675,676,677,678,679,680,681,682,683,684,685,686,687,688,689,690,691,692,693,694,695,696,697,698,699,700,701,702,703,704,705,706,707,708,709,710,711,712,713,714,715,716,717,718,719,720,721,722,723,724,725,726,727,728,729,730,731,735,736,737,738,739,740,741,742,743,744,745,746,747,748,749,750,751,752,753,754,755,756,757,758,759,760,761,762,763,764,765,766,767,768,769,770,771,772,773,774,775,776,777,778,779,780,781,782,783,784,785,786,787,788,789,790,791,792,793,794,795,796,797,798,799,800,801,802,803,804,805,806,807,808,809,810,811,812,813,814,815,816,817,818,819,820,821,822,823,824,825,826,827,828,829,830,831,832,833,834,836,838,839,840,841,842,843,844,845,846,847,848,849,850,851,852,853,854,855,856,857,858,859,860,861,862,863,864,865,866,867,868,869,870,871,872,873,874,875,876,877,878,879,880,881,882,883,884,885,886,887,888,889,890,891,892,893,894,895,896,897,898,899,900,901,902,903,904,905,906,907,908,909,910,911,912,913,914,915,916,917,918,919,920,921,922,923,924,925,926,927,928,929,930,931,932,933,934,935,936,937,938,939,940,941,942,943,944,945,946,947,948,949,950,951,952,953,954,955,956,957,958,959,960,961,962,963,964,965,966,967,968,969,970,971,972,973,974,975,976,977,978,979,980,981,982,983,984,985,986,987,988,989,990,991,992,993,994,995,996,997,998,999,1000,1001,1002,1003,1004,1005,1006,1007,1008,1009,1010,1011,1012,1013,1014,1015,1016,1017,1018,1019,1020,1021,1022,1023,1024,1025,1026,1027,1028,1029,1030,1031,1032,1033,1034,1035,1036,1037,1038,1039,1040,1041,1042,1043,1044,1045,1046,1047,1049,1050,1051,1052,1053,1054,1055,1056,1057,1058,1059,1060,1061,1062,1063,1064,1065,1066,1067,1068,1069,1070,1071,1072,1073,1074,1075,1076,1077,1078,1079,1080,1081,1082,1083,1084,1085,1086,1087,1088,1089,1090,1091,1092,1093,1094,1095,1096,1097,1098,1099,1100,1101,1102,1103,1104,1105,1106,1107,1108,1109,1110: Accepting State(s)


